margin_of_error = 264508.55301812425
residual_std = 134953.78618700567
confidence_level = 0.95
